g++    -c -o LF30.o LF30.cpp
g++    -c -o functions.o functions.cpp
icc -o lf30bus LF30.o functions.o -std=c++11 -fopenmp -xCORE-AVX2 -axMIC-AVX512 -O3  
./lf30bus
Iteration is 1

33.4088	0	-5.74612	-5.02747	-5.33649	0	0	0	0	0	0	0	0	0	0	0	0	0	0	0	0	0	0	0	0	0	0	0	0	0	-1.77887	-1.75865	0	0	0	0	0	0	0	0	0	0	0	0	0	0	0	0	0	0	0	0	0	1	0	0	0	0	0	0	0	0	0	0	0	0	0	0	0	0	0	0	0	0	0	0	0	0	0	0	0	0	0	0	0	0	0	0	0	0	0	0	0	0	0	0	0	0	0	0	0	0	0	0	0	0	
1.8856	8.68718	-17.3707	-0	6.79791	-0	-0	-0	-0	-0	-0	-0	-0	-0	-0	-0	-0	-0	-0	-0	-0	-0	-0	-0	-0	-0	-0	-0	-0	-24.9427	62.2258	-23.6499	0	0	0	-4.44273	0	0	0	0	0	0	0	0	0	0	0	0	0	0	0	0	0	0	0	0	0	0	0	0	0	0	0	0	0	0	0	0	0	0	0	0	0	0	0	0	0	0	0	0	0	0	0	1	0	0	0	0	0	0	0	0	0	0	0	0	0	0	0	0	0	0	0	0	0	0	
0	30.9123	-24.9427	0	0	0	0	0	0	0	0	0	0	0	0	0	0	0	0	0	0	0	0	0	0	0	0	0	0	9.15214	-8.19545	0	0	0	0	0	0	0	0	0	0	0	0	0	0	0	0	0	0	0	0	0	0	0	1	0	0	0	0	0	0	0	0	0	0	0	0	0	0	0	0	0	0	0	0	0	0	0	0	0	0	0	0	0	0	0	0	0	0	0	0	0	0	0	0	0	0	0	0	0	0	0	0	0	0	0	
-5.74612	-24.9427	58.7814	0	-23.6499	0	0	0	0	0	-4.44273	0	0	0	0	0	0	0	0	0	0	0	0	0	0	0	0	0	0	-8.68718	18.2528	-6.79791	0	0	0	0	0	0	0	0	0	0	0	0	0	0	0	0	0	0	0	0	0	0	0	1	0	0	0	0	0	0	0	0	0	0	0	0	0	0	0	0	0	0	0	0	0	0	0	0	0	0	0	0	0	0	0	0	0	0	0	0	0	0	0	0	0	0	0	0	0	0	0	0	0	0	
-5.02747	0	0	12.5512	0	-7.52376	0	0	0	0	0	0	0	0	0	0	0	0	0	0	0	0	0	0	0	0	0	0	0	0	0	0	-2.98356	0	0	0	0	0	0	0	0	0	0	0	0	0	0	0	0	0	0	0	0	0	0	0	1	0	0	0	0	0	0	0	0	0	0	0	0	0	0	0	0	0	0	0	0	0	0	0	0	0	0	0	0	0	0	0	0	0	0	0	0	0	0	0	0	0	0	0	0	0	0	0	0	0	
-5.33649	0	-23.6499	0	84.4807	-11.0261	-22.2327	-4.91584	-1.8561	0	0	0	0	0	0	0	0	0	0	0	0	0	0	0	0	0	-15.4636	0	0	0	-6.41312	21.8214	-3.59021	0	0	0	0	0	0	0	0	0	0	0	0	0	0	0	0	0	-4.36284	0	0	0	0	0	0	1	0	0	0	0	0	0	0	0	0	0	0	0	0	0	0	0	0	0	0	0	0	0	0	0	0	0	0	0	0	0	0	0	0	0	0	0	0	0	0	0	0	0	0	0	0	0	0	0	
0	0	0	-7.52376	-11.0261	18.5499	0	0	0	0	0	0	0	0	0	0	0	0	0	0	0	0	0	0	0	0	0	0	0	0	0	-3.59021	6.51469	0	0	0	0	0	0	0	0	0	0	0	0	0	0	0	0	0	0	0	0	0	0	0	0	0	1	0	0	0	0	0	0	0	0	0	0	0	0	0	0	0	0	0	0	0	0	0	0	0	0	0	0	0	0	0	0	0	0	0	0	0	0	0	0	0	0	0	0	0	0	0	0	0	
0	0	0	0	-22.2327	0	26.8189	0	0	0	0	0	0	0	0	0	0	0	0	0	0	0	0	0	0	0	-4.58622	0	0	0	0	-6.3522	0	0	0	0	0	0	0	0	0	0	0	0	0	0	0	0	0	0	-1.45842	0	0	0	0	0	0	0	0	1	0	0	0	0	0	0	0	0	0	0	0	0	0	0	0	0	0	0	0	0	0	0	0	0	0	0	0	0	0	0	0	0	0	0	0	0	0	0	0	0	0	0	0	0	0	0	
0	0	0	0	-4.91584	0	0	19.2087	-9.09091	-5.20192	0	0	0	0	0	0	0	0	0	0	0	0	0	0	0	0	0	0	0	0	0	0	0	0	0	0	0	0	0	0	0	0	0	0	0	0	0	0	0	0	0	0	0	0	0	0	0	0	0	0	1	0	0	0	0	0	0	0	0	0	0	0	0	0	0	0	0	0	0	0	0	0	0	0	0	0	0	0	0	0	0	0	0	0	0	0	0	0	0	0	0	0	0	0	0	0	
0	0	0	0	-1.8561	0	0	-9.09091	41.6313	0	0	0	0	0	0	-10.3174	0	0	-3.98536	-10.9807	-5.40077	0	0	0	0	0	0	0	0	0	0	0	0	0	13.462	0	0	0	0	-3.95604	0	0	-1.78483	-5.10185	-2.61932	0	0	0	0	0	0	0	0	0	0	0	0	0	0	0	0	1	0	0	0	0	0	0	0	0	0	0	0	0	0	0	0	0	0	0	0	0	0	0	0	0	0	0	0	0	0	0	0	0	0	0	0	0	0	0	0	0	0	0	0	0	
0	0	0	0	0	0	0	-5.20192	0	5.20192	0	0	0	0	0	0	0	0	0	0	0	0	0	0	0	0	0	0	0	0	0	0	0	0	0	0	0	0	0	0	0	0	0	0	0	0	0	0	0	0	0	0	0	0	0	0	0	0	0	0	0	0	1	0	0	0	0	0	0	0	0	0	0	0	0	0	0	0	0	0	0	0	0	0	0	0	0	0	0	0	0	0	0	0	0	0	0	0	0	0	0	0	0	0	0	0	
0	0	-4.44273	0	0	0	0	0	0	0	25.4678	-7.65	-3.17343	-6.09728	-4.10436	0	0	0	0	0	0	0	0	0	0	0	0	0	0	0	0	0	0	0	0	6.57396	-1.52657	-3.0954	-1.952	0	0	0	0	0	0	0	0	0	0	0	0	0	0	0	0	0	0	0	0	0	0	0	0	1	0	0	0	0	0	0	0	0	0	0	0	0	0	0	0	0	0	0	0	0	0	0	0	0	0	0	0	0	0	0	0	0	0	0	0	0	0	0	0	0	0	0	
0	0	0	0	0	0	0	0	0	0	-7.65	7.65	0	0	0	0	0	0	0	0	0	0	0	0	0	0	0	0	0	0	0	0	0	0	0	0	0	0	0	0	0	0	0	0	0	0	0	0	0	0	0	0	0	0	0	0	0	0	0	0	0	0	0	0	1	0	0	0	0	0	0	0	0	0	0	0	0	0	0	0	0	0	0	0	0	0	0	0	0	0	0	0	0	0	0	0	0	0	0	0	0	0	0	0	0	0	
0	0	0	0	0	0	0	0	0	0	-3.17343	0	5.4243	-2.25087	0	0	0	0	0	0	0	0	0	0	0	0	0	0	0	0	0	0	0	0	0	-1.52657	4.01752	-2.49095	0	0	0	0	0	0	0	0	0	0	0	0	0	0	0	0	0	0	0	0	0	0	0	0	0	0	0	1	0	0	0	0	0	0	0	0	0	0	0	0	0	0	0	0	0	0	0	0	0	0	0	0	0	0	0	0	0	0	0	0	0	0	0	0	0	0	0	0	
0	0	0	0	0	0	0	0	0	0	-6.09728	0	-2.25087	16.0116	0	0	-3.68742	0	0	0	0	-3.97606	0	0	0	0	0	0	0	0	0	0	0	0	0	-3.0954	-2.49095	9.3655	0	0	-1.8108	0	0	0	0	-1.96835	0	0	0	0	0	0	0	0	0	0	0	0	0	0	0	0	0	0	0	0	1	0	0	0	0	0	0	0	0	0	0	0	0	0	0	0	0	0	0	0	0	0	0	0	0	0	0	0	0	0	0	0	0	0	0	0	0	0	0	0	
0	0	0	0	0	0	0	0	0	0	-4.10436	0	0	0	8.49787	-4.39352	0	0	0	0	0	0	0	0	0	0	0	0	0	0	0	0	0	0	0	-1.952	0	0	3.83461	-1.88261	0	0	0	0	0	0	0	0	0	0	0	0	0	0	0	0	0	0	0	0	0	0	0	0	0	0	0	1	0	0	0	0	0	0	0	0	0	0	0	0	0	0	0	0	0	0	0	0	0	0	0	0	0	0	0	0	0	0	0	0	0	0	0	0	0	0	
0	0	0	0	0	0	0	0	-10.3174	0	0	0	0	0	-4.39352	14.711	0	0	0	0	0	0	0	0	0	0	0	0	0	0	0	0	0	0	-3.95604	0	0	0	-1.88261	5.83865	0	0	0	0	0	0	0	0	0	0	0	0	0	0	0	0	0	0	0	0	0	0	0	0	0	0	0	0	1	0	0	0	0	0	0	0	0	0	0	0	0	0	0	0	0	0	0	0	0	0	0	0	0	0	0	0	0	0	0	0	0	0	0	0	0	0	
0	0	0	0	0	0	0	0	0	0	0	0	0	-3.68742	0	0	9.90618	-6.21876	0	0	0	0	0	0	0	0	0	0	0	0	0	0	0	0	0	0	0	-1.8108	0	0	4.88649	-3.07569	0	0	0	0	0	0	0	0	0	0	0	0	0	0	0	0	0	0	0	0	0	0	0	0	0	0	0	1	0	0	0	0	0	0	0	0	0	0	0	0	0	0	0	0	0	0	0	0	0	0	0	0	0	0	0	0	0	0	0	0	0	0	0	0	
0	0	0	0	0	0	0	0	0	0	0	0	0	0	0	0	-6.21876	17.9835	-11.7647	0	0	0	0	0	0	0	0	0	0	0	0	0	0	0	0	0	0	0	0	0	-3.07569	8.95804	-5.88235	0	0	0	0	0	0	0	0	0	0	0	0	0	0	0	0	0	0	0	0	0	0	0	0	0	0	0	1	0	0	0	0	0	0	0	0	0	0	0	0	0	0	0	0	0	0	0	0	0	0	0	0	0	0	0	0	0	0	0	0	0	0	0	
0	0	0	0	0	0	0	0	-3.98536	0	0	0	0	0	0	0	0	-11.7647	15.7501	0	0	0	0	0	0	0	0	0	0	0	0	0	0	0	-1.78483	0	0	0	0	0	0	-5.88235	7.66718	0	0	0	0	0	0	0	0	0	0	0	0	0	0	0	0	0	0	0	0	0	0	0	0	0	0	0	0	1	0	0	0	0	0	0	0	0	0	0	0	0	0	0	0	0	0	0	0	0	0	0	0	0	0	0	0	0	0	0	0	0	0	0	
0	0	0	0	0	0	0	0	-10.9807	0	0	0	0	0	0	0	0	0	0	45.1084	0	-34.1277	0	0	0	0	0	0	0	0	0	0	0	0	-5.10185	0	0	0	0	0	0	0	0	21.8765	0	-16.7746	0	0	0	0	0	0	0	0	0	0	0	0	0	0	0	0	0	0	0	0	0	0	0	0	0	0	1	0	0	0	0	0	0	0	0	0	0	0	0	0	0	0	0	0	0	0	0	0	0	0	0	0	0	0	0	0	0	0	0	0	
0	0	0	0	0	0	0	0	-5.40077	0	0	0	0	0	0	0	0	0	0	0	9.35517	0	-3.9544	0	0	0	0	0	0	0	0	0	0	0	-2.61932	0	0	0	0	0	0	0	0	0	5.15986	0	-2.54054	0	0	0	0	0	0	0	0	0	0	0	0	0	0	0	0	0	0	0	0	0	0	0	0	0	0	1	0	0	0	0	0	0	0	0	0	0	0	0	0	0	0	0	0	0	0	0	0	0	0	0	0	0	0	0	0	0	0	0	
0	0	0	0	0	0	0	0	0	0	0	0	0	-3.97606	0	0	0	0	0	-34.1277	0	41.093	-2.98924	0	0	0	0	0	0	0	0	0	0	0	0	0	0	-1.96835	0	0	0	0	0	-16.7746	0	20.2044	-1.46141	0	0	0	0	0	0	0	0	0	0	0	0	0	0	0	0	0	0	0	0	0	0	0	0	0	0	0	1	0	0	0	0	0	0	0	0	0	0	0	0	0	0	0	0	0	0	0	0	0	0	0	0	0	0	0	0	0	0	0	
0	0	0	0	0	0	0	0	0	0	0	0	0	0	0	0	0	0	0	0	-3.9544	-2.98924	9.23126	-2.28762	0	0	0	0	0	0	0	0	0	0	0	0	0	0	0	0	0	0	0	0	-2.54054	-1.46141	5.31184	-1.30989	0	0	0	0	0	0	0	0	0	0	0	0	0	0	0	0	0	0	0	0	0	0	0	0	0	0	0	1	0	0	0	0	0	0	0	0	0	0	0	0	0	0	0	0	0	0	0	0	0	0	0	0	0	0	0	0	0	0	
0	0	0	0	0	0	0	0	0	0	0	0	0	0	0	0	0	0	0	0	0	0	-2.28762	7.86498	-1.81714	-3.76021	0	0	0	0	0	0	0	0	0	0	0	0	0	0	0	0	0	0	0	0	-1.30989	4.49572	-1.21653	-1.96929	0	0	0	0	0	0	0	0	0	0	0	0	0	0	0	0	0	0	0	0	0	0	0	0	0	0	1	0	0	0	0	0	0	0	0	0	0	0	0	0	0	0	0	0	0	0	0	0	0	0	0	0	0	0	0	0	
0	0	0	0	0	0	0	0	0	0	0	0	0	0	0	0	0	0	0	0	0	0	0	-1.81714	1.81714	0	0	0	0	0	0	0	0	0	0	0	0	0	0	0	0	0	0	0	0	0	0	-1.21653	1.21653	0	0	0	0	0	0	0	0	0	0	0	0	0	0	0	0	0	0	0	0	0	0	0	0	0	0	0	0	1	0	0	0	0	0	0	0	0	0	0	0	0	0	0	0	0	0	0	0	0	0	0	0	0	0	0	0	0	
0	0	0	0	0	0	0	0	0	0	0	0	0	0	0	0	0	0	0	0	0	0	0	-3.76021	0	9.54392	-2.60873	-1.88101	-1.29397	0	0	0	0	0	0	0	0	0	0	0	0	0	0	0	0	0	0	-1.96929	0	3.65228	0	-0.995534	-0.687456	0	0	0	0	0	0	0	0	0	0	0	0	0	0	0	0	0	0	0	0	0	0	0	0	0	1	0	0	0	0	0	0	0	0	0	0	0	0	0	0	0	0	0	0	0	0	0	0	0	0	0	0	0	
0	0	0	0	-15.4636	0	-4.58622	0	0	0	0	0	0	0	0	0	0	0	0	0	0	0	0	0	0	-2.60873	22.6585	0	0	0	0	-4.36284	0	0	0	0	0	0	0	0	0	0	0	0	0	0	0	0	0	0	5.79238	0	0	0	0	0	0	0	0	0	0	0	0	0	0	0	0	0	0	0	0	0	0	0	0	0	0	0	0	1	0	0	0	0	0	0	0	0	0	0	0	0	0	0	0	0	0	0	0	0	0	0	0	0	0	0	
0	0	0	0	0	0	0	0	0	0	0	0	0	0	0	0	0	0	0	0	0	0	0	0	0	-1.88101	0	3.60436	-1.72336	0	0	0	0	0	0	0	0	0	0	0	0	0	0	0	0	0	0	0	0	-0.995534	0	1.90759	-0.912053	0	0	0	0	0	0	0	0	0	0	0	0	0	0	0	0	0	0	0	0	0	0	0	0	0	0	0	1	0	0	0	0	0	0	0	0	0	0	0	0	0	0	0	0	0	0	0	0	0	0	0	0	0	
0	0	0	0	0	0	0	0	0	0	0	0	0	0	0	0	0	0	0	0	0	0	0	0	0	-1.29397	0	-1.72336	3.01733	0	0	0	0	0	0	0	0	0	0	0	0	0	0	0	0	0	0	0	0	-0.687456	0	-0.912053	1.59951	0	0	0	0	0	0	0	0	0	0	0	0	0	0	0	0	0	0	0	0	0	0	0	0	0	0	0	0	1	0	0	0	0	0	0	0	0	0	0	0	0	0	0	0	0	0	0	0	0	0	0	0	0	
-0	-10.3205	8.68718	-0	-0	-0	-0	-0	-0	-0	-0	-0	-0	-0	-0	-0	-0	-0	-0	-0	-0	-0	-0	-0	-0	-0	-0	-0	-0	27.3636	-23.5309	0	0	0	0	0	0	0	0	0	0	0	0	0	0	0	0	0	0	0	0	0	0	0	0	0	0	0	0	0	0	0	0	0	0	0	0	0	0	0	0	0	0	0	0	0	0	0	0	0	0	0	1	0	0	0	0	0	0	0	0	0	0	0	0	0	0	0	0	0	0	0	0	0	0	0	
1.75865	-0	6.79791	-0	-22.8618	3.59021	6.3522	-0	-0	-0	-0	-0	-0	-0	-0	-0	-0	-0	-0	-0	-0	-0	-0	-0	-0	-0	4.36284	-0	-0	0	-22.3112	81.0606	-11.0261	-4.91584	-1.8561	0	0	0	0	0	0	0	0	0	0	0	0	0	0	0	-15.4636	0	0	0	0	0	0	0	0	0	0	0	0	0	0	0	0	0	0	0	0	0	0	0	0	0	0	0	0	0	0	0	0	0	1	0	0	0	0	0	0	0	0	0	0	0	0	0	0	0	0	0	0	0	0	0	
-0	-0	-0	2.98356	3.59021	-6.57377	-0	-0	-0	-0	-0	-0	-0	-0	-0	-0	-0	-0	-0	-0	-0	-0	-0	-0	-0	-0	-0	-0	-0	0	0	-11.0261	18.3635	0	0	0	0	0	0	0	0	0	0	0	0	0	0	0	0	0	0	0	0	0	0	0	0	0	0	0	0	0	0	0	0	0	0	0	0	0	0	0	0	0	0	0	0	0	0	0	0	0	0	0	0	1	0	0	0	0	0	0	0	0	0	0	0	0	0	0	0	0	0	0	0	0	
-0	-0	-0	-0	-0	-0	-0	0	-0	-0	-0	-0	-0	-0	-0	-0	-0	-0	-0	-0	-0	-0	-0	-0	-0	-0	-0	-0	-0	0	0	-4.91584	0	18.2039	-9.09091	0	0	0	0	0	0	0	0	0	0	0	0	0	0	0	0	0	0	0	0	0	0	0	0	0	0	0	0	0	0	0	0	0	0	0	0	0	0	0	0	0	0	0	0	0	0	0	0	0	0	0	1	0	0	0	0	0	0	0	0	0	0	0	0	0	0	0	0	0	0	0	
-0	-0	-0	-0	-0	-0	-0	-0	-13.462	-0	-0	-0	-0	-0	-0	3.95604	-0	-0	1.78483	5.10185	2.61932	-0	-0	-0	-0	-0	-0	-0	-0	0	0	-1.8561	0	-9.09091	41.5162	0	0	0	0	-10.3174	0	0	-3.98536	-10.9807	-5.40077	0	0	0	0	0	0	0	0	0	0	0	0	0	0	0	0	0	0	0	0	0	0	0	0	0	0	0	0	0	0	0	0	0	0	0	0	0	0	0	0	0	0	1	0	0	0	0	0	0	0	0	0	0	0	0	0	0	0	0	0	0	
-0	-0	-0	-0	-0	-0	-0	-0	-0	-0	-6.57396	-0	1.52657	3.0954	1.952	-0	-0	-0	-0	-0	-0	-0	-0	-0	-0	-0	-0	-0	-0	0	-4.19126	0	0	0	0	23.3805	-3.17343	-6.09728	-4.10436	0	0	0	0	0	0	0	0	0	0	0	0	0	0	0	0	0	0	0	0	0	0	0	0	0	0	0	0	0	0	0	0	0	0	0	0	0	0	0	0	0	0	0	0	0	0	0	0	0	1	0	0	0	0	0	0	0	0	0	0	0	0	0	0	0	0	0	
-0	-0	-0	-0	-0	-0	-0	-0	-0	-0	1.52657	-0	-4.01752	2.49095	-0	-0	-0	-0	-0	-0	-0	-0	-0	-0	-0	-0	-0	-0	-0	0	0	0	0	0	0	-3.17343	5.4243	-2.25087	0	0	0	0	0	0	0	0	0	0	0	0	0	0	0	0	0	0	0	0	0	0	0	0	0	0	0	0	0	0	0	0	0	0	0	0	0	0	0	0	0	0	0	0	0	0	0	0	0	0	0	1	0	0	0	0	0	0	0	0	0	0	0	0	0	0	0	0	
-0	-0	-0	-0	-0	-0	-0	-0	-0	-0	3.0954	-0	2.49095	-9.3655	-0	-0	1.8108	-0	-0	-0	-0	1.96835	-0	-0	-0	-0	-0	-0	-0	0	0	0	0	0	0	-6.09728	-2.25087	16.0116	0	0	-3.68742	0	0	0	0	-3.97606	0	0	0	0	0	0	0	0	0	0	0	0	0	0	0	0	0	0	0	0	0	0	0	0	0	0	0	0	0	0	0	0	0	0	0	0	0	0	0	0	0	0	0	0	1	0	0	0	0	0	0	0	0	0	0	0	0	0	0	0	
-0	-0	-0	-0	-0	-0	-0	-0	-0	-0	1.952	-0	-0	-0	-3.83461	1.88261	-0	-0	-0	-0	-0	-0	-0	-0	-0	-0	-0	-0	-0	0	0	0	0	0	0	-4.10436	0	0	8.49787	-4.39352	0	0	0	0	0	0	0	0	0	0	0	0	0	0	0	0	0	0	0	0	0	0	0	0	0	0	0	0	0	0	0	0	0	0	0	0	0	0	0	0	0	0	0	0	0	0	0	0	0	0	0	1	0	0	0	0	0	0	0	0	0	0	0	0	0	0	
-0	-0	-0	-0	-0	-0	-0	-0	3.95604	-0	-0	-0	-0	-0	1.88261	-5.83865	-0	-0	-0	-0	-0	-0	-0	-0	-0	-0	-0	-0	-0	0	0	0	0	0	-10.3174	0	0	0	-4.39352	14.711	0	0	0	0	0	0	0	0	0	0	0	0	0	0	0	0	0	0	0	0	0	0	0	0	0	0	0	0	0	0	0	0	0	0	0	0	0	0	0	0	0	0	0	0	0	0	0	0	0	0	0	0	1	0	0	0	0	0	0	0	0	0	0	0	0	0	
-0	-0	-0	-0	-0	-0	-0	-0	-0	-0	-0	-0	-0	1.8108	-0	-0	-4.88649	3.07569	-0	-0	-0	-0	-0	-0	-0	-0	-0	-0	-0	0	0	0	0	0	0	0	0	-3.68742	0	0	9.90618	-6.21876	0	0	0	0	0	0	0	0	0	0	0	0	0	0	0	0	0	0	0	0	0	0	0	0	0	0	0	0	0	0	0	0	0	0	0	0	0	0	0	0	0	0	0	0	0	0	0	0	0	0	0	1	0	0	0	0	0	0	0	0	0	0	0	0	
-0	-0	-0	-0	-0	-0	-0	-0	-0	-0	-0	-0	-0	-0	-0	-0	3.07569	-8.95804	5.88235	-0	-0	-0	-0	-0	-0	-0	-0	-0	-0	0	0	0	0	0	0	0	0	0	0	0	-6.21876	17.9835	-11.7647	0	0	0	0	0	0	0	0	0	0	0	0	0	0	0	0	0	0	0	0	0	0	0	0	0	0	0	0	0	0	0	0	0	0	0	0	0	0	0	0	0	0	0	0	0	0	0	0	0	0	0	1	0	0	0	0	0	0	0	0	0	0	0	
-0	-0	-0	-0	-0	-0	-0	-0	1.78483	-0	-0	-0	-0	-0	-0	-0	-0	5.88235	-7.66718	-0	-0	-0	-0	-0	-0	-0	-0	-0	-0	0	0	0	0	0	-3.98536	0	0	0	0	0	0	-11.7647	15.7501	0	0	0	0	0	0	0	0	0	0	0	0	0	0	0	0	0	0	0	0	0	0	0	0	0	0	0	0	0	0	0	0	0	0	0	0	0	0	0	0	0	0	0	0	0	0	0	0	0	0	0	0	1	0	0	0	0	0	0	0	0	0	0	
-0	-0	-0	-0	-0	-0	-0	-0	5.10185	-0	-0	-0	-0	-0	-0	-0	-0	-0	-0	-21.8765	-0	16.7746	-0	-0	-0	-0	-0	-0	-0	0	0	0	0	0	-10.9807	0	0	0	0	0	0	0	0	45.1084	0	-34.1277	0	0	0	0	0	0	0	0	0	0	0	0	0	0	0	0	0	0	0	0	0	0	0	0	0	0	0	0	0	0	0	0	0	0	0	0	0	0	0	0	0	0	0	0	0	0	0	0	0	0	1	0	0	0	0	0	0	0	0	0	
-0	-0	-0	-0	-0	-0	-0	-0	2.61932	-0	-0	-0	-0	-0	-0	-0	-0	-0	-0	-0	-5.15986	-0	2.54054	-0	-0	-0	-0	-0	-0	0	0	0	0	0	-5.40077	0	0	0	0	0	0	0	0	0	9.35517	0	-3.9544	0	0	0	0	0	0	0	0	0	0	0	0	0	0	0	0	0	0	0	0	0	0	0	0	0	0	0	0	0	0	0	0	0	0	0	0	0	0	0	0	0	0	0	0	0	0	0	0	0	0	1	0	0	0	0	0	0	0	0	
-0	-0	-0	-0	-0	-0	-0	-0	-0	-0	-0	-0	-0	1.96835	-0	-0	-0	-0	-0	16.7746	-0	-20.2044	1.46141	-0	-0	-0	-0	-0	-0	0	0	0	0	0	0	0	0	-3.97606	0	0	0	0	0	-34.1277	0	41.093	-2.98924	0	0	0	0	0	0	0	0	0	0	0	0	0	0	0	0	0	0	0	0	0	0	0	0	0	0	0	0	0	0	0	0	0	0	0	0	0	0	0	0	0	0	0	0	0	0	0	0	0	0	0	1	0	0	0	0	0	0	0	
-0	-0	-0	-0	-0	-0	-0	-0	-0	-0	-0	-0	-0	-0	-0	-0	-0	-0	-0	-0	2.54054	1.46141	-5.31184	1.30989	-0	-0	-0	-0	-0	0	0	0	0	0	0	0	0	0	0	0	0	0	0	0	-3.9544	-2.98924	9.23126	-2.28762	0	0	0	0	0	0	0	0	0	0	0	0	0	0	0	0	0	0	0	0	0	0	0	0	0	0	0	0	0	0	0	0	0	0	0	0	0	0	0	0	0	0	0	0	0	0	0	0	0	0	0	1	0	0	0	0	0	0	
-0	-0	-0	-0	-0	-0	-0	-0	-0	-0	-0	-0	-0	-0	-0	-0	-0	-0	-0	-0	-0	-0	1.30989	-4.49572	1.21653	1.96929	-0	-0	-0	0	0	0	0	0	0	0	0	0	0	0	0	0	0	0	0	0	-2.28762	7.86498	-1.81714	-3.76021	0	0	0	0	0	0	0	0	0	0	0	0	0	0	0	0	0	0	0	0	0	0	0	0	0	0	0	0	0	0	0	0	0	0	0	0	0	0	0	0	0	0	0	0	0	0	0	0	0	0	1	0	0	0	0	0	
-0	-0	-0	-0	-0	-0	-0	-0	-0	-0	-0	-0	-0	-0	-0	-0	-0	-0	-0	-0	-0	-0	-0	1.21653	-1.21653	-0	-0	-0	-0	0	0	0	0	0	0	0	0	0	0	0	0	0	0	0	0	0	0	-1.81714	1.81714	0	0	0	0	0	0	0	0	0	0	0	0	0	0	0	0	0	0	0	0	0	0	0	0	0	0	0	0	0	0	0	0	0	0	0	0	0	0	0	0	0	0	0	0	0	0	0	0	0	0	0	0	1	0	0	0	0	
-0	-0	-0	-0	-0	-0	-0	-0	-0	-0	-0	-0	-0	-0	-0	-0	-0	-0	-0	-0	-0	-0	-0	1.96929	-0	-3.65228	-0	0.995534	0.687456	0	0	0	0	0	0	0	0	0	0	0	0	0	0	0	0	0	0	-3.76021	0	9.37696	-2.60873	-1.88101	-1.29397	0	0	0	0	0	0	0	0	0	0	0	0	0	0	0	0	0	0	0	0	0	0	0	0	0	0	0	0	0	0	0	0	0	0	0	0	0	0	0	0	0	0	0	0	0	0	0	0	0	1	0	0	0	
-0	-0	-0	-0	4.36284	-0	1.45842	-0	-0	-0	-0	-0	-0	-0	-0	-0	-0	-0	-0	-0	-0	-0	-0	-0	-0	-0	-5.82126	-0	-0	0	0	-15.4636	0	0	0	0	0	0	0	0	0	0	0	0	0	0	0	0	0	-2.60873	22.5674	0	0	0	0	0	0	0	0	0	0	0	0	0	0	0	0	0	0	0	0	0	0	0	0	0	0	0	0	0	0	0	0	0	0	0	0	0	0	0	0	0	0	0	0	0	0	0	0	0	0	0	0	1	0	0	
-0	-0	-0	-0	-0	-0	-0	-0	-0	-0	-0	-0	-0	-0	-0	-0	-0	-0	-0	-0	-0	-0	-0	-0	-0	0.995534	-0	-1.90759	0.912053	0	0	0	0	0	0	0	0	0	0	0	0	0	0	0	0	0	0	0	0	-1.88101	0	3.60436	-1.72336	0	0	0	0	0	0	0	0	0	0	0	0	0	0	0	0	0	0	0	0	0	0	0	0	0	0	0	0	0	0	0	0	0	0	0	0	0	0	0	0	0	0	0	0	0	0	0	0	0	0	0	1	0	
-0	-0	-0	-0	-0	-0	-0	-0	-0	-0	-0	-0	-0	-0	-0	-0	-0	-0	-0	-0	-0	-0	-0	-0	-0	0.687456	-0	0.912053	-1.59951	0	0	0	0	0	0	0	0	0	0	0	0	0	0	0	0	0	0	0	0	-1.29397	0	-1.72336	3.01733	0	0	0	0	0	0	0	0	0	0	0	0	0	0	0	0	0	0	0	0	0	0	0	0	0	0	0	0	0	0	0	0	0	0	0	0	0	0	0	0	0	0	0	0	0	0	0	0	0	0	0	0	1	
Iteration is 2

33.153	0	-5.67634	-5.14941	-5.58917	0	0	0	0	0	0	0	0	0	0	0	0	0	0	0	0	0	0	0	0	0	0	0	0	0	-1.40683	-1.23525	0	0	0	0	0	0	0	0	0	0	0	0	0	0	0	0	0	0	0	0	0	1	0	0	0	0	0	0	0	0	0	0	0	0	0	0	0	0	0	0	0	0	0	0	0	0	0	0	0	0	0	0	0	0	0	0	0	0	0	0	0	0	0	0	0	0	0	0	0	0	0	0	0	0	
2.31019	0	7.38235	-0	-23.1512	3.33782	6.24029	-0.293247	-0.169646	-0	-0	-0	-0	-0	-0	-0	-0	-0	-0	-0	-0	-0	-0	-0	-0	-0	4.34343	-0	-0	-0	-22.5527	84.4814	-11.3512	-5.00492	-1.88578	0	0	0	0	0	0	0	0	0	0	0	0	0	0	0	-15.8177	0	0	0	0	0	0	0	0	0	0	0	0	0	0	0	0	0	0	0	0	0	0	0	0	0	0	0	0	0	0	0	0	0	1	0	0	0	0	0	0	0	0	0	0	0	0	0	0	0	0	0	0	0	0	0	
-0	31.2173	-25.2882	0	0	0	0	0	0	0	0	0	0	0	0	0	0	0	0	0	0	0	0	0	0	0	0	0	0	10.091	-7.81205	0	0	0	0	0	0	0	0	0	0	0	0	0	0	0	0	0	0	0	0	0	0	0	1	0	0	0	0	0	0	0	0	0	0	0	0	0	0	0	0	0	0	0	0	0	0	0	0	0	0	0	0	0	0	0	0	0	0	0	0	0	0	0	0	0	0	0	0	0	0	0	0	0	0	0	
-5.42843	-24.799	58.3515	0	-23.5394	0	0	0	0	0	-4.58466	0	0	0	0	0	0	0	0	0	0	0	0	0	0	0	0	0	0	-9.0875	16.7338	-5.92243	0	0	0	0.423998	0	0	0	0	0	0	0	0	0	0	0	0	0	0	0	0	0	0	0	1	0	0	0	0	0	0	0	0	0	0	0	0	0	0	0	0	0	0	0	0	0	0	0	0	0	0	0	0	0	0	0	0	0	0	0	0	0	0	0	0	0	0	0	0	0	0	0	0	0	0	
-4.79414	-0	-0	12.3149	-0	-7.52081	-0	0	0	0	0	0	0	0	0	0	0	0	0	0	0	0	0	0	0	0	-0	0	0	0	0	0	-3.1429	0	0	0	0	0	0	0	0	0	0	0	0	0	0	0	0	0	0	0	0	0	0	0	1	0	0	0	0	0	0	0	0	0	0	0	0	0	0	0	0	0	0	0	0	0	0	0	0	0	0	0	0	0	0	0	0	0	0	0	0	0	0	0	0	0	0	0	0	0	0	0	0	0	
-5.24294	-0	-23.1532	0	85.9753	-11.4459	-22.7364	-5.30815	-1.99029	0	0	0	0	0	0	0	0	0	0	0	0	0	0	0	0	0	-16.0984	0	0	0	-7.19086	22.8593	-3.31021	0.276495	0.160738	0	0	0	0	0	0	0	0	0	0	0	0	0	0	0	-4.2677	0	0	0	0	0	0	1	0	0	0	0	0	0	0	0	0	0	0	0	0	0	0	0	0	0	0	0	0	0	0	0	0	0	0	0	0	0	0	0	0	0	0	0	0	0	0	0	0	0	0	0	0	0	0	0	
-0	-0	-0	-7.64878	-11.2168	18.8656	-0	0	0	0	0	0	0	0	0	0	0	0	0	0	0	0	0	0	0	0	-0	0	0	0	0	-3.9634	6.36487	0	0	0	0	0	0	0	0	0	0	0	0	0	0	0	0	0	0	0	0	0	0	0	0	0	1	0	0	0	0	0	0	0	0	0	0	0	0	0	0	0	0	0	0	0	0	0	0	0	0	0	0	0	0	0	0	0	0	0	0	0	0	0	0	0	0	0	0	0	0	0	0	0	
-0	-0	-0	0	-22.6013	0	27.2704	0	0	0	0	0	0	0	0	0	0	0	0	0	0	0	0	0	0	0	-4.66913	0	0	0	0	-6.58381	0	0	0	0	0	0	0	0	0	0	0	0	0	0	0	0	0	0	-1.45371	0	0	0	0	0	0	0	0	1	0	0	0	0	0	0	0	0	0	0	0	0	0	0	0	0	0	0	0	0	0	0	0	0	0	0	0	0	0	0	0	0	0	0	0	0	0	0	0	0	0	0	0	0	0	0	
-0	-0	-0	-0	-5.30815	-0	-0	20.9968	-10.1715	-5.51709	0	0	0	0	0	0	0	0	0	0	0	0	0	0	0	0	-0	0	0	0	0	-0.287589	0	0.0103897	0.287693	0	0	0	0	0	0	0	0	0	0	0	0	0	0	0	0	0	0	0	0	0	0	0	0	0	1	0	0	0	0	0	0	0	0	0	0	0	0	0	0	0	0	0	0	0	0	0	0	0	0	0	0	0	0	0	0	0	0	0	0	0	0	0	0	0	0	0	0	0	0	0	
-0	-0	-0	-0	-1.99029	-0	-0	-10.1715	46.1184	-0	-0	-0	0	0	-0	-11.4495	0	0	-4.40652	-12.1149	-5.98572	0	0	0	0	-0	-0	0	0	0	0	-0.166373	0	-0.286291	14.1374	0	0	0	0	-4.14391	0	0	-1.82029	-5.27372	-2.72917	0	0	0	0	0	0	0	0	0	0	0	0	0	0	0	0	1	0	0	0	0	0	0	0	0	0	0	0	0	0	0	0	0	0	0	0	0	0	0	0	0	0	0	0	0	0	0	0	0	0	0	0	0	0	0	0	0	0	0	0	0	
-0	-0	-0	-0	-0	-0	-0	-5.51709	0	5.51709	0	0	0	0	0	0	0	0	0	0	0	0	0	0	0	0	-0	0	0	0	0	0	0	-9.31266e-14	0	0	0	0	0	0	0	0	0	0	0	0	0	0	0	0	0	0	0	0	0	0	0	0	0	0	0	0	1	0	0	0	0	0	0	0	0	0	0	0	0	0	0	0	0	0	0	0	0	0	0	0	0	0	0	0	0	0	0	0	0	0	0	0	0	0	0	0	0	0	0	0	
-0	-0	-4.58466	-0	-0	-0	-0	-0	0	-0	27.9828	-8.19086	-3.61482	-6.92305	-4.66937	0	0	0	0	0	0	0	0	0	0	0	-0	0	0	0	-0.4422	0	0	0	0	6.94755	-1.57671	-3.19297	-2.0387	0	0	0	0	0	0	0	0	0	0	0	0	0	0	0	0	0	0	0	0	0	0	0	0	1	0	0	0	0	0	0	0	0	0	0	0	0	0	0	0	0	0	0	0	0	0	0	0	0	0	0	0	0	0	0	0	0	0	0	0	0	0	0	0	0	0	0	
-0	-0	-0	-0	-0	-0	-0	-0	0	-0	-8.19086	8.19086	0	0	0	0	0	0	0	0	0	0	0	0	0	0	-0	0	0	0	0	0	0	0	0	8.06855e-15	0	0	0	0	0	0	0	0	0	0	0	0	0	0	0	0	0	0	0	0	0	0	0	0	0	0	0	0	1	0	0	0	0	0	0	0	0	0	0	0	0	0	0	0	0	0	0	0	0	0	0	0	0	0	0	0	0	0	0	0	0	0	0	0	0	0	0	0	0	0	
-0	-0	-0	-0	-0	-0	-0	-0	-0	-0	-3.55638	-0	6.05691	-2.50053	-0	0	0	0	0	0	0	0	0	0	0	-0	-0	0	0	0	0	0	0	0	0	-1.66768	4.17119	-2.62533	0	0	0	0	0	0	0	0	0	0	0	0	0	0	0	0	0	0	0	0	0	0	0	0	0	0	0	1	0	0	0	0	0	0	0	0	0	0	0	0	0	0	0	0	0	0	0	0	0	0	0	0	0	0	0	0	0	0	0	0	0	0	0	0	0	0	0	0	
-0	-0	-0	-0	-0	-0	-0	-0	-0	-0	-6.79427	-0	-2.49197	17.7006	-0	-0	-4.05279	0	0	0	0	-4.36153	0	0	0	-0	-0	0	0	0	0	0	0	0	0	-3.37046	-2.62109	9.74996	0	0	-1.857	0	0	0	0	-2.0421	0	0	0	0	0	0	0	0	0	0	0	0	0	0	0	0	0	0	0	0	1	0	0	0	0	0	0	0	0	0	0	0	0	0	0	0	0	0	0	0	0	0	0	0	0	0	0	0	0	0	0	0	0	0	0	0	0	0	0	0	
-0	-0	-0	-0	-0	-0	-0	-0	0	-0	-4.61794	-0	0	0	9.50748	-4.88953	0	0	0	0	0	0	0	0	0	-0	-0	0	0	0	0	0	0	0	0	-2.11315	0	0	4.01337	-1.96002	0	0	0	0	0	0	0	0	0	0	0	0	0	0	0	0	0	0	0	0	0	0	0	0	0	0	0	1	0	0	0	0	0	0	0	0	0	0	0	0	0	0	0	0	0	0	0	0	0	0	0	0	0	0	0	0	0	0	0	0	0	0	0	0	0	0	
-0	-0	-0	-0	-0	-0	-0	-0	-11.4242	-0	-0	-0	-0	0	-4.86307	16.2873	0	0	0	0	0	0	0	0	0	-0	-0	0	0	0	0	0	0	0	-4.18619	0	0	0	-2.00647	6.03444	0	0	0	0	0	0	0	0	0	0	0	0	0	0	0	0	0	0	0	0	0	0	0	0	0	0	0	0	1	0	0	0	0	0	0	0	0	0	0	0	0	0	0	0	0	0	0	0	0	0	0	0	0	0	0	0	0	0	0	0	0	0	0	0	0	0	
-0	-0	-0	-0	-0	-0	-0	-0	-0	-0	-0	-0	-0	-4.0062	-0	-0	10.7236	-6.71739	-0	-0	-0	-0	-0	-0	-0	-0	-0	0	0	0	0	0	0	0	0	0	0	-1.92831	0	0	5.04752	-3.17686	0	0	0	0	0	0	0	0	0	0	0	0	0	0	0	0	0	0	0	0	0	0	0	0	0	0	0	1	0	0	0	0	0	0	0	0	0	0	0	0	0	0	0	0	0	0	0	0	0	0	0	0	0	0	0	0	0	0	0	0	0	0	0	0	
-0	-0	-0	-0	-0	-0	-0	-0	-0	-0	-0	-0	-0	-0	-0	-0	-6.69488	19.3677	-12.6728	-0	-0	-0	-0	-0	-0	-0	-0	-0	0	0	0	0	0	0	0	0	0	0	0	0	-3.21093	9.18722	-6.14213	0	0	0	0	0	0	0	0	0	0	0	0	0	0	0	0	0	0	0	0	0	0	0	0	0	0	0	1	0	0	0	0	0	0	0	0	0	0	0	0	0	0	0	0	0	0	0	0	0	0	0	0	0	0	0	0	0	0	0	0	0	0	0	
-0	-0	-0	-0	-0	-0	-0	-0	-4.34757	-0	-0	-0	-0	-0	-0	-0	0	-12.7175	17.0651	-0	-0	-0	-0	-0	-0	-0	-0	0	0	0	0	0	0	0	-1.91968	0	0	0	0	0	0	-6.07877	7.95495	0	0	0	0	0	0	0	0	0	0	0	0	0	0	0	0	0	0	0	0	0	0	0	0	0	0	0	0	1	0	0	0	0	0	0	0	0	0	0	0	0	0	0	0	0	0	0	0	0	0	0	0	0	0	0	0	0	0	0	0	0	0	0	
-0	-0	-0	-0	-0	-0	-0	-0	-12.0079	-0	-0	-0	-0	-0	-0	-0	0	0	0	48.9766	-0	-36.9686	0	-0	0	-0	-0	0	0	0	0	0	0	0	-5.41881	0	0	0	0	0	0	0	0	22.581	0	-17.4551	0	0	0	0	0	0	0	0	0	0	0	0	0	0	0	0	0	0	0	0	0	0	0	0	0	0	1	0	0	0	0	0	0	0	0	0	0	0	0	0	0	0	0	0	0	0	0	0	0	0	0	0	0	0	0	0	0	0	0	0	
-0	-0	-0	-0	-0	-0	-0	-0	-5.9499	-0	-0	-0	-0	-0	-0	-0	0	0	0	0	10.2545	0	-4.30458	-0	0	-0	-0	0	0	0	0	0	0	0	-2.77733	0	0	0	0	0	0	0	0	0	5.40145	0	-2.63269	0	0	0	0	0	0	0	0	0	0	0	0	0	0	0	0	0	0	0	0	0	0	0	0	0	0	1	0	0	0	0	0	0	0	0	0	0	0	0	0	0	0	0	0	0	0	0	0	0	0	0	0	0	0	0	0	0	0	0	
-0	-0	-0	-0	-0	-0	-0	-0	-0	-0	-0	-0	-0	-4.33459	-0	-0	0	0	0	-36.9648	-0	44.5252	-3.22587	-0	0	-0	-0	0	0	0	0	0	0	0	0	0	0	-2.07439	0	0	0	0	0	-17.4618	0	20.9931	-1.5113	0	0	0	0	0	0	0	0	0	0	0	0	0	0	0	0	0	0	0	0	0	0	0	0	0	0	0	1	0	0	0	0	0	0	0	0	0	0	0	0	0	0	0	0	0	0	0	0	0	0	0	0	0	0	0	0	0	0	0	
-0	-0	-0	-0	-0	-0	-0	-0	-0	-0	-0	-0	-0	-0	-0	-0	0	0	0	-0	-4.26844	-3.21612	9.91888	-2.43433	-0	-0	-0	0	0	0	0	0	0	0	0	0	0	0	0	0	0	0	0	0	-2.65717	-1.52265	5.40742	-1.37492	0	0	0	0	0	0	0	0	0	0	0	0	0	0	0	0	0	0	0	0	0	0	0	0	0	0	0	1	0	0	0	0	0	0	0	0	0	0	0	0	0	0	0	0	0	0	0	0	0	0	0	0	0	0	0	0	0	0	
-0	-0	-0	-0	-0	-0	-0	-0	-0	-0	-0	-0	-0	-0	-0	-0	0	0	0	0	0	0	-2.45651	8.38406	-1.91354	-4.014	-0	0	0	0	0	0	0	0	0	0	0	0	0	0	0	0	0	0	0	0	-1.33373	4.64144	-1.24207	-2.07063	0	0	0	0	0	0	0	0	0	0	0	0	0	0	0	0	0	0	0	0	0	0	0	0	0	0	1	0	0	0	0	0	0	0	0	0	0	0	0	0	0	0	0	0	0	0	0	0	0	0	0	0	0	0	0	0	
-0	-0	-0	-0	-0	-0	-0	-0	-0	-0	-0	-0	-0	-0	-0	-0	0	0	0	-0	-0	-0	0	-1.89455	1.89455	-0	-0	0	0	0	0	0	0	0	0	0	0	0	0	0	0	0	0	0	0	0	0	-1.24831	1.19868	0	0	0	0	0	0	0	0	0	0	0	0	0	0	0	0	0	0	0	0	0	0	0	0	0	0	0	0	1	0	0	0	0	0	0	0	0	0	0	0	0	0	0	0	0	0	0	0	0	0	0	0	0	0	0	0	0	
-0	-0	-0	-0	-0	-0	-0	-0	0	-0	-0	-0	0	0	0	0	0	0	0	0	0	0	0	-4.05474	0	10.2061	-2.75253	-2.0164	-1.38239	0	0	0	0	0	0	0	0	0	0	0	0	0	0	0	0	0	0	-2.00869	0	3.79558	-0.186264	-0.991186	-0.663611	0	0	0	0	0	0	0	0	0	0	0	0	0	0	0	0	0	0	0	0	0	0	0	0	0	1	0	0	0	0	0	0	0	0	0	0	0	0	0	0	0	0	0	0	0	0	0	0	0	0	0	0	0	
-0	-0	-0	0	-15.9947	0	-4.66609	0	0	0	0	0	0	0	0	0	0	0	0	0	0	0	0	0	0	-2.75253	23.4133	0	0	0	0	-4.62032	0	0	0	0	0	0	0	0	0	0	0	0	0	0	0	0	0	0.182423	5.91389	0	0	0	0	0	0	0	0	0	0	0	0	0	0	0	0	0	0	0	0	0	0	0	0	0	0	0	0	1	0	0	0	0	0	0	0	0	0	0	0	0	0	0	0	0	0	0	0	0	0	0	0	0	0	0	
-0	-0	-0	-0	-0	-0	-0	-0	-0	-0	-0	-0	-0	-0	-0	-0	-0	0	-0	-0	-0	-0	-0	-0	-0	-1.96987	-0	3.75705	-1.78718	0	0	0	0	0	0	0	0	0	0	0	0	0	0	0	0	0	0	0	0	-1.05741	0	1.92004	-0.903125	0	0	0	0	0	0	0	0	0	0	0	0	0	0	0	0	0	0	0	0	0	0	0	0	0	0	0	1	0	0	0	0	0	0	0	0	0	0	0	0	0	0	0	0	0	0	0	0	0	0	0	0	0	
-0	-0	-0	-0	-0	-0	-0	-0	-0	-0	-0	-0	-0	-0	-0	-0	-0	-0	-0	-0	-0	-0	-0	-0	-0	-1.32849	-0	-1.75838	3.08687	0	0	0	0	0	0	0	0	0	0	0	0	0	0	0	0	0	0	0	0	-0.741769	0	-0.946576	1.50471	0	0	0	0	0	0	0	0	0	0	0	0	0	0	0	0	0	0	0	0	0	0	0	0	0	0	0	0	1	0	0	0	0	0	0	0	0	0	0	0	0	0	0	0	0	0	0	0	0	0	0	0	0	
0	-10.4784	8.02008	-0	-0	-0	-0	-0	-0	-0	-0	-0	-0	-0	-0	-0	-0	-0	-0	-0	-0	-0	-0	-0	-0	-0	-0	-0	-0	30.3364	-24.6322	0	0	0	0	0	0	0	0	0	0	0	0	0	0	0	0	0	0	0	0	0	0	0	0	0	0	0	0	0	0	0	0	0	0	0	0	0	0	0	0	0	0	0	0	0	0	0	0	0	0	0	1	0	0	0	0	0	0	0	0	0	0	0	0	0	0	0	0	0	0	0	0	0	0	0	
2.19976	9.42454	-17.2093	-0	6.03894	-0	-0	-0	-0	-0	-0.453975	-0	-0	-0	-0	-0	-0	-0	-0	-0	-0	-0	-0	-0	-0	-0	-0	-0	-0	-23.9122	57.1372	-23.0852	0	0	0	-4.28192	0	0	0	0	0	0	0	0	0	0	0	0	0	0	0	0	0	0	0	0	0	0	0	0	0	0	0	0	0	0	0	0	0	0	0	0	0	0	0	0	0	0	0	0	0	0	0	1	0	0	0	0	0	0	0	0	0	0	0	0	0	0	0	0	0	0	0	0	0	0	
0	0	0	2.84641	4.04137	-6.88778	0	-0	-0	-0	-0	-0	-0	-0	-0	-0	-0	-0	-0	-0	-0	-0	-0	-0	-0	-0	0	-0	-0	-0	-0	-11.0004	18.5117	0	0	0	0	0	0	0	0	0	0	0	0	0	0	0	0	0	-0	0	0	0	0	0	0	0	0	0	0	0	0	0	0	0	0	0	0	0	0	0	0	0	0	0	0	0	0	0	0	0	0	0	0	1	0	0	0	0	0	0	0	0	0	0	0	0	0	0	0	0	0	0	0	0	
0	0	0	0	0.293247	0	0	0.0103897	-0.303637	-9.87688e-14	-0	-0	-0	-0	-0	-0	-0	-0	-0	-0	-0	-0	-0	-0	-0	-0	0	-0	-0	-0	-0	-5.20574	-0	19.882	-9.6374	0	0	0	0	0	0	0	0	0	0	0	0	0	0	0	-0	0	0	0	0	0	0	0	0	0	0	0	0	0	0	0	0	0	0	0	0	0	0	0	0	0	0	0	0	0	0	0	0	0	0	0	1	0	0	0	0	0	0	0	0	0	0	0	0	0	0	0	0	0	0	0	
0	0	0	0	0.169646	0	0	0.303637	-15.0663	0	0	0	-0	-0	0	4.35231	-0	-0	1.89443	5.48883	2.85741	-0	-0	-0	-0	0	0	-0	-0	-0	-0	-1.95189	-0	-9.59046	44.0589	-0	0	0	-0	-10.9012	0	0	-4.23408	-11.6401	-5.71708	0	0	0	0	-0	-0	0	0	0	0	0	0	0	0	0	0	0	0	0	0	0	0	0	0	0	0	0	0	0	0	0	0	0	0	0	0	0	0	0	0	0	0	1	0	0	0	0	0	0	0	0	0	0	0	0	0	0	0	0	0	0	
0	0	0.453975	0	0	0	0	0	-0	0	-7.62758	8.639e-15	1.6641	3.3551	2.15442	-0	-0	-0	-0	-0	-0	-0	-0	-0	-0	-0	0	-0	-0	-0	-4.46574	-0	-0	-0	0	26.1669	-3.42499	-6.58852	-4.41858	0	0	0	0	0	0	0	0	0	0	0	-0	0	0	0	0	0	0	0	0	0	0	0	0	0	0	0	0	0	0	0	0	0	0	0	0	0	0	0	0	0	0	0	0	0	0	0	0	0	1	0	0	0	0	0	0	0	0	0	0	0	0	0	0	0	0	0	
0	0	0	0	0	0	0	0	0	0	1.78559	0	-4.54422	2.75863	0	-0	-0	-0	-0	-0	-0	-0	-0	-0	-0	0	0	-0	-0	-0	-0	-0	-0	-0	-0	-3.32154	5.71107	-2.3797	-0	0	0	0	0	0	0	0	0	0	0	-0	-0	0	0	0	0	0	0	0	0	0	0	0	0	0	0	0	0	0	0	0	0	0	0	0	0	0	0	0	0	0	0	0	0	0	0	0	0	0	0	1	0	0	0	0	0	0	0	0	0	0	0	0	0	0	0	0	
0	0	0	0	0	0	0	0	0	0	3.60876	0	2.76637	-10.4318	0	0	1.93135	-0	-0	-0	-0	2.12529	-0	-0	-0	0	0	-0	-0	-0	-0	-0	-0	-0	-0	-6.34563	-2.3611	16.804	-0	-0	-3.89678	0	0	0	0	-4.19081	0	0	0	-0	-0	0	0	0	0	0	0	0	0	0	0	0	0	0	0	0	0	0	0	0	0	0	0	0	0	0	0	0	0	0	0	0	0	0	0	0	0	0	0	0	1	0	0	0	0	0	0	0	0	0	0	0	0	0	0	0	
0	0	0	0	0	0	0	0	-0	0	2.26255	0	-0	-0	-4.32115	2.0586	-0	-0	-0	-0	-0	-0	-0	-0	-0	0	0	-0	-0	-0	-0	-0	-0	-0	0	-4.31301	0	0	8.96361	-4.6554	0	0	0	0	0	0	0	0	0	-0	-0	0	0	0	0	0	0	0	0	0	0	0	0	0	0	0	0	0	0	0	0	0	0	0	0	0	0	0	0	0	0	0	0	0	0	0	0	0	0	0	0	1	0	0	0	0	0	0	0	0	0	0	0	0	0	0	
0	0	0	0	0	0	0	0	4.41819	0	0	0	0	-0	2.12036	-6.53856	-0	-0	-0	-0	-0	-0	-0	-0	-0	0	0	-0	-0	-0	-0	-0	-0	-0	-10.8243	-0	-0	0	-4.60186	15.3943	0	0	0	0	0	0	0	0	0	-0	-0	0	0	0	0	0	0	0	0	0	0	0	0	0	0	0	0	0	0	0	0	0	0	0	0	0	0	0	0	0	0	0	0	0	0	0	0	0	0	0	0	0	1	0	0	0	0	0	0	0	0	0	0	0	0	0	
0	0	0	0	0	0	0	0	0	0	0	0	0	2.02622	0	0	-5.3202	3.29398	0	0	0	0	0	0	0	0	0	-0	-0	-0	-0	-0	-0	-0	-0	-0	-0	-3.81262	-0	-0	10.2948	-6.47855	-0	-0	-0	-0	-0	-0	-0	-0	-0	0	0	0	0	0	0	0	0	0	0	0	0	0	0	0	0	0	0	0	0	0	0	0	0	0	0	0	0	0	0	0	0	0	0	0	0	0	0	0	0	0	0	1	0	0	0	0	0	0	0	0	0	0	0	0	
0	0	0	0	0	0	0	0	0	0	0	0	0	0	0	0	3.33949	-9.73177	6.39229	0	0	0	0	0	0	0	0	0	-0	-0	-0	-0	-0	-0	-0	-0	-0	-0	-0	-0	-6.43716	18.6138	-12.1769	-0	-0	-0	-0	-0	-0	-0	-0	-0	0	0	0	0	0	0	0	0	0	0	0	0	0	0	0	0	0	0	0	0	0	0	0	0	0	0	0	0	0	0	0	0	0	0	0	0	0	0	0	0	0	0	1	0	0	0	0	0	0	0	0	0	0	0	
0	0	0	0	0	0	0	0	2.02607	0	0	0	0	0	0	0	-0	6.30287	-8.32893	0	0	0	0	0	0	0	0	-0	-0	-0	-0	-0	-0	-0	-4.11927	-0	-0	-0	-0	-0	0	-12.2653	16.3858	-0	-0	-0	-0	-0	-0	-0	-0	0	0	0	0	0	0	0	0	0	0	0	0	0	0	0	0	0	0	0	0	0	0	0	0	0	0	0	0	0	0	0	0	0	0	0	0	0	0	0	0	0	0	0	0	1	0	0	0	0	0	0	0	0	0	0	
0	0	0	0	0	0	0	0	5.71912	0	0	0	0	0	0	0	-0	-0	-0	-23.8853	0	18.1662	-0	0	-0	0	0	-0	-0	-0	-0	-0	-0	-0	-11.3774	-0	-0	-0	-0	-0	0	0	0	46.8395	-0	-35.5216	0	-0	0	-0	-0	0	0	0	0	0	0	0	0	0	0	0	0	0	0	0	0	0	0	0	0	0	0	0	0	0	0	0	0	0	0	0	0	0	0	0	0	0	0	0	0	0	0	0	0	0	1	0	0	0	0	0	0	0	0	0	
0	0	0	0	0	0	0	0	2.93125	0	0	0	0	0	0	0	-0	-0	-0	-0	-5.65703	-0	2.72578	0	-0	0	0	-0	-0	-0	-0	-0	-0	-0	-5.63747	-0	-0	-0	-0	-0	0	0	0	0	9.79527	0	-4.15758	-0	0	-0	-0	0	0	0	0	0	0	0	0	0	0	0	0	0	0	0	0	0	0	0	0	0	0	0	0	0	0	0	0	0	0	0	0	0	0	0	0	0	0	0	0	0	0	0	0	0	0	1	0	0	0	0	0	0	0	0	
0	0	0	0	0	0	0	0	0	0	0	0	0	2.17972	0	0	-0	-0	-0	18.174	0	-21.9184	1.56473	0	-0	0	0	-0	-0	-0	-0	-0	-0	-0	-0	-0	-0	-4.12514	-0	-0	0	0	0	-35.5161	-0	42.7517	-3.11571	-0	0	-0	-0	0	0	0	0	0	0	0	0	0	0	0	0	0	0	0	0	0	0	0	0	0	0	0	0	0	0	0	0	0	0	0	0	0	0	0	0	0	0	0	0	0	0	0	0	0	0	0	1	0	0	0	0	0	0	0	
0	0	0	0	0	0	0	0	0	0	0	0	0	0	0	0	-0	-0	-0	0	2.78203	1.58468	-5.78632	1.41961	0	0	0	-0	-0	-0	-0	-0	-0	-0	-0	-0	-0	-0	-0	-0	0	0	0	-0	-4.07687	-3.09023	9.53513	-2.35769	-0	-0	-0	0	0	0	0	0	0	0	0	0	0	0	0	0	0	0	0	0	0	0	0	0	0	0	0	0	0	0	0	0	0	0	0	0	0	0	0	0	0	0	0	0	0	0	0	0	0	0	0	1	0	0	0	0	0	0	
0	0	0	0	0	0	0	0	0	0	0	0	0	0	0	0	-0	-0	-0	-0	-0	-0	1.38088	-4.79317	1.26053	2.15176	0	-0	-0	-0	-0	-0	-0	-0	-0	-0	-0	-0	-0	-0	0	0	0	0	0	0	-2.37262	8.12119	-1.88552	-3.86267	-0	0	0	0	0	0	0	0	0	0	0	0	0	0	0	0	0	0	0	0	0	0	0	0	0	0	0	0	0	0	0	0	0	0	0	0	0	0	0	0	0	0	0	0	0	0	0	0	0	0	1	0	0	0	0	0	
0	0	0	0	0	0	0	0	0	0	0	0	0	0	0	0	-0	-0	-0	0	0	0	-0	1.28889	-1.28889	0	0	-0	-0	-0	-0	-0	-0	-0	-0	-0	-0	-0	-0	-0	0	0	0	-0	-0	-0	0	-1.8349	1.8215	-0	-0	0	0	0	0	0	0	0	0	0	0	0	0	0	0	0	0	0	0	0	0	0	0	0	0	0	0	0	0	0	0	0	0	0	0	0	0	0	0	0	0	0	0	0	0	0	0	0	0	0	0	1	0	0	0	0	
0	0	0	0	0	0	0	0	-0	0	0	0	-0	-0	-0	-0	-0	-0	-0	-0	-0	-0	-0	2.07399	-0	-3.94387	0.18957	1.01092	0.669394	-0	-0	-0	-0	-0	0	-0	0	0	0	0	0	0	0	0	0	0	0	-3.92708	0	9.84093	-2.70453	-1.97704	-1.37044	0	0	0	0	0	0	0	0	0	0	0	0	0	0	0	0	0	0	0	0	0	0	0	0	0	0	0	0	0	0	0	0	0	0	0	0	0	0	0	0	0	0	0	0	0	0	0	0	0	1	0	0	0	
0	0	0	-0	4.71122	-0	1.48909	-0	-0	-0	-0	-0	-0	-0	-0	-0	-0	-0	-0	-0	-0	-0	-0	-0	-0	-0.18957	-6.01074	-0	-0	-0	-0	-15.6861	0	0	0	0	0	0	0	0	0	0	0	0	0	0	0	0	0	-2.64875	23.0235	0	0	0	0	0	0	0	0	0	0	0	0	0	0	0	0	0	0	0	0	0	0	0	0	0	0	0	0	0	0	0	0	0	0	0	0	0	0	0	0	0	0	0	0	0	0	0	0	0	0	0	0	1	0	0	
0	0	0	0	0	0	0	0	0	0	0	0	0	0	0	0	0	-0	0	0	0	0	0	0	0	1.09884	0	-2.00983	0.910996	-0	-0	-0	-0	-0	-0	-0	-0	-0	-0	-0	-0	0	-0	-0	-0	-0	-0	-0	-0	-1.8956	-0	3.66854	-1.77174	0	0	0	0	0	0	0	0	0	0	0	0	0	0	0	0	0	0	0	0	0	0	0	0	0	0	0	0	0	0	0	0	0	0	0	0	0	0	0	0	0	0	0	0	0	0	0	0	0	0	0	1	0	
0	0	0	0	0	0	0	0	0	0	0	0	0	0	0	0	0	0	0	0	0	0	0	0	0	0.770831	0	0.965423	-1.73625	-0	-0	-0	-0	-0	-0	-0	-0	-0	-0	-0	-0	-0	-0	-0	-0	-0	-0	-0	-0	-1.27841	-0	-1.72405	3.02706	0	0	0	0	0	0	0	0	0	0	0	0	0	0	0	0	0	0	0	0	0	0	0	0	0	0	0	0	0	0	0	0	0	0	0	0	0	0	0	0	0	0	0	0	0	0	0	0	0	0	0	0	1	
