1     1     1.040    0     0.0    0.0   0.0     0.0    0.0     0.0   
2     2     1.010    0     3.0   88.0   0.0    -0.8   50.0   -17.0 
3     2     0.985    0    41.0   21.0  40.0    -1.0   60.0   -10.0  
4     3     1.000    0     0.0    0.0   0.0     0.0    0.0     0.0  
5     3     1.000    0    13.0    4.0   0.0     0.0    0.0     0.0  
6     2     0.980    0    75.0    2.0   0.0     0.8   25.0    -8.0   
7     3     1.000    0     0.0    0.0   0.0     0.0    0.0     0.0  
8     2     1.005    0   150.0   22.0 450.0    62.1  200.0  -140.0   
9     2     0.980    0   121.0   26.0   0.0     2.2    9.0    -3.0  
10     3     1.000    0     5.0    2.0   0.0     0.0    0.0     0.0   
11     3     1.000    0     0.0    0.0   0.0     0.0    0.0     0.0   
12     2     1.015    0   377.0   24.0 310.0   128.5  155.0  -150.0   
13     3     1.000    0    18.0    2.3   0.0     0.0    0.0     0.0   
14     3     1.000    0    10.5    5.3   0.0     0.0    0.0     0.0   
15     3     1.000    0    22.0    5.0   0.0     0.0    0.0     0.0   
16     3     1.000    0    43.0    3.0   0.0     0.0    0.0     0.0   
17     3     1.000    0    42.0    8.0   0.0     0.0    0.0     0.0   
18     3     1.000    0    27.2    9.8   0.0     0.0    0.0     0.0   
19     3     1.000    0     3.3    0.6   0.0     0.0    0.0     0.0   
20     3     1.000    0     2.3    1.0   0.0     0.0    0.0     0.0  
21     3     1.000    0     0.0    0.0   0.0     0.0    0.0     0.0   
22     3     1.000    0     0.0    0.0   0.0     0.0    0.0     0.0   
23     3     1.000    0     6.3    2.1   0.0     0.0    0.0     0.0   
24     3     1.000    0     0.0    0.0   0.0     0.0    0.0     0.0   
25     3     1.000    0     6.3    3.2   0.0     0.0    0.0     0.0   
26     3     1.000    0     0.0    0.0   0.0     0.0    0.0     0.0   
27     3     1.000    0     9.3    0.5   0.0     0.0    0.0     0.0   
28     3     1.000    0     4.6    2.3   0.0     0.0    0.0     0.0   
29     3     1.000    0    17.0    2.6   0.0     0.0    0.0     0.0  
30     3     1.000    0     3.6    1.8   0.0     0.0    0.0     0.0   
31     3     1.000    0     5.8    2.9   0.0     0.0    0.0     0.0   
32     3     1.000    0     1.6    0.8   0.0     0.0    0.0     0.0   
33     3     1.000    0     3.8    1.9   0.0     0.0    0.0     0.0   
34     3     1.000    0     0.0    0.0   0.0     0.0    0.0     0.0   
35     3     1.000    0     6.0    3.0   0.0     0.0    0.0     0.0   
36     3     1.000    0     0.0    0.0   0.0     0.0    0.0     0.0   
37     3     1.000    0     0.0    0.0   0.0     0.0    0.0     0.0   
38     3     1.000    0    14.0    7.0   0.0     0.0    0.0     0.0   
39     3     1.000    0     0.0    0.0   0.0     0.0    0.0     0.0   
40     3     1.000    0     0.0    0.0   0.0     0.0    0.0     0.0   
41     3     1.000    0     6.3    3.0   0.0     0.0    0.0     0.0   
42     3     1.000    0     7.1    4.4   0.0     0.0    0.0     0.0   
43     3     1.000    0     2.0    1.0   0.0     0.0    0.0     0.0   
44     3     1.000    0    12.0    1.8   0.0     0.0    0.0     0.0   
45     3     1.000    0     0.0    0.0   0.0     0.0    0.0     0.0  
46     3     1.000    0     0.0    0.0   0.0     0.0    0.0     0.0   
47     3     1.000    0    29.7   11.6   0.0     0.0    0.0     0.0   
48     3     1.000    0     0.0    0.0   0.0     0.0    0.0     0.0   
49     3     1.000    0    18.0    8.5   0.0     0.0    0.0     0.0   
50     3     1.000    0    21.0   10.5   0.0     0.0    0.0     0.0   
51     3     1.000    0    18.0    5.3   0.0     0.0    0.0     0.0   
52     3     1.000    0     4.9    2.2   0.0     0.0    0.0     0.0   
53     3     1.000    0    20.0   10.0   0.0     0.0    0.0     0.0   
54     3     1.000    0     4.1    1.4   0.0     0.0    0.0     0.0   
55     3     1.000    0     6.8    3.4   0.0     0.0    0.0     0.0   
56     3     1.000    0     7.6    2.2   0.0     0.0    0.0     0.0   
57     3     1.000    0     6.7    2.0   0.0     0.0    0.0     0.0