g++    -c -o LF14bus.o LF14bus.cpp
g++    -c -o functions.o functions.cpp
icc -o lf14bus LF14bus.o functions.o -std=c++11 -fopenmp -xCORE-AVX2 -axMIC-AVX512 -O3  
./lf14bus
your solutions: 
0.0496873    0.0443611    0.0395536    0.0359364    0.0368258    0.0390304    0.0390304    0.0387489    0.0385763    0.0381959    0.0379606    0.0380423    0.0384372    0.00113137    0.0012694    0.000798656    0.00105468    0.00123663    0.00167455    0.00212516    0.00204382    0.00148219    
0.0443724    0.155043    0.0699453    0.0562622    0.0599684    0.0677649    0.0677649    0.0665921    0.0656928    0.0636427    0.062054    0.0624406    0.0647785    0.00288456    0.0025437    0.00156272    0.00170285    0.00198199    0.00271794    0.003515    0.0033232    0.00239059    
0.0393007    0.0694971    0.0946876    0.0731925    0.0800063    0.0906789    0.0906789    0.0885226    0.0872881    0.0845929    0.082807    0.0831668    0.0861577    -0.0116854    -0.00641789    -0.00528386    -0.00471837    -0.00315709    0.000575807    0.00415551    0.00338322    -0.00121504    
0.0357161    0.0558791    0.0732498    0.0856132    0.0820384    0.075353    0.075353    0.0764843    0.0778062    0.0809534    0.0839124    0.0833282    0.079444    -0.00639813    -0.0108747    -0.00180548    -0.000318472    0.000595244    0.00257335    0.00437627    0.00416003    0.00165932    
0.0367611    0.0598434    0.0806014    0.0824394    0.235621    0.119628    0.119628    0.14062    0.15863    0.20027    0.235528    0.228425    0.17884    -0.00509801    -0.00772954    0.00642087    0.016114    0.0162908    0.0148803    0.0126027    0.0145712    0.0158113    
0.0386879    0.0671715    0.0905561    0.0751266    0.118452    0.220576    0.220576    0.180504    0.169867    0.145566    0.125988    0.130031    0.158472    -0.0119848    -0.00796151    -0.00860235    -0.0114682    -0.00867341    -0.00114    0.00659801    0.00429529    -0.00481991    
0.0386879    0.0671715    0.0905561    0.0751266    0.118452    0.220576    0.382182    0.180504    0.169867    0.145566    0.125988    0.130031    0.158472    -0.0119848    -0.00796151    -0.00860235    -0.0114682    -0.00867341    -0.00114    0.00659801    0.00429529    -0.00481991    
0.0383583    0.0659205    0.0883337    0.0761669    0.139131    0.180438    0.180438    0.22998    0.214285    0.178363    0.149214    0.155239    0.197369    -0.0121459    -0.00879182    -0.0103874    -0.0150989    -0.0116406    -0.00206293    0.00791182    0.00478588    -0.00675895    
0.0380727    0.0648344    0.0868893    0.077263    0.156457    0.169445    0.169445    0.213851    0.273338    0.216337    0.164713    0.168355    0.19398    -0.0110462    -0.00870601    -0.00790359    -0.0105179    -0.0343576    -0.0134113    0.00867535    0.00638916    -0.00335102    
0.0374119    0.0623202    0.0836651    0.079848    0.196408    0.144237    0.144237    0.176818    0.215194    0.302642    0.200451    0.198647    0.186283    -0.00819495    -0.00830855    -0.00115997    0.00199234    -0.0102818    -0.0425243    0.0105858    0.0103787    0.00573376    
0.0368662    0.0602428    0.0811851    0.0820571    0.229181    0.123776    0.123776    0.146685    0.162444    0.198881    0.366278    0.267301    0.199236    -0.00536832    -0.0076738    0.00594391    0.015266    0.0154516    0.0142885    -0.0747654    0.00122314    0.00966115    
0.0369807    0.0606793    0.0816166    0.0815573    0.222411    0.127896    0.127896    0.15279    0.166186    0.197223    0.26749    0.301473    0.217679    -0.00619112    -0.00795612    0.00370651    0.0110492    0.01181    0.0122153    -0.000835557    -0.0321834    -0.00714123    
0.0377587    0.0636393    0.0853852    0.0785031    0.17541    0.15752    0.15752    0.19632    0.193299    0.186555    0.20079    0.219108    0.358443    -0.00961791    -0.0084696    -0.00446068    -0.00411614    -0.00176342    0.003979    0.00429165    -0.0109716    -0.0799311    
-0.000428679    -0.00171227    0.0133206    0.00793199    0.0070876    0.0138174    0.0138174    0.0140846    0.0131117    0.0105572    0.00765478    0.00849076    0.011713    0.0415983    0.0260791    0.0193971    0.0180198    0.0149919    0.00809272    0.0018623    0.00306594    0.0114884    
-0.000564569    -0.00139555    0.00800599    0.0124953    0.00960771    0.00970483    0.00970483    0.0106186    0.0106354    0.0104795    0.0098719    0.0101507    0.0104553    0.0260865    0.0428039    0.0124445    0.0118845    0.00995762    0.00550285    0.00144094    0.00227774    0.00770166    
-9.21431e-05    -0.000389203    0.00687858    0.00333456    -0.00338244    0.0108304    0.0108304    0.012956    0.0108107    0.004843    -0.00269664    -0.000397515    0.00735277    0.019297    0.0123328    0.0857188    0.0581235    0.0481271    0.0252416    0.00447216    0.00854969    0.0364929    
3.86923e-05    0.000110487    0.00715983    0.0026778    -0.0108565    0.0151224    0.0151224    0.0194055    0.0154611    0.00440708    -0.00973334    -0.00539498    0.00901211    0.0178114    0.0116557    0.0580697    0.111352    0.0921627    0.0482137    0.00831176    0.016156    0.0698185    
4.78256e-05    0.000151421    0.00603094    0.00216583    -0.00997498    0.0131737    0.0131737    0.0170158    0.0406906    0.0188133    -0.00894113    -0.00520412    0.00767733    0.0147457    0.00968427    0.048135    0.0923117    0.146355    0.0767886    0.00686738    0.0133419    0.0578507    
4.00912e-05    0.000136309    0.00327612    0.00109337    -0.00618765    0.00755975    0.00755975    0.0098639    0.0229123    0.0559426    -0.00554473    -0.00343812    0.00425028    0.00777167    0.00513684    0.0254264    0.0487712    0.0772296    0.14168    0.00360649    0.00700051    0.0305367    
-1.42839e-05    -5.72224e-05    0.000475824    0.000277275    0.000197101    0.000522993    0.000522993    0.000548364    0.000605324    0.000581862    0.0945708    0.016965    0.00750854    0.00146854    0.000922535    0.00472094    0.00904165    0.00750623    0.00395205    0.152173    0.0529335    0.0282124    
1.73994e-05    6.05707e-05    0.00115364    0.000365679    -0.00235775    0.00275591    0.00275591    0.00361777    0.00277085    0.000518678    0.0146214    0.0487981    0.0229516    0.00268123    0.00178006    0.00878575    0.0168545    0.0139349    0.00727312    0.0527628    0.0951149    0.0511033    
3.52111e-05    0.000110777    0.00457414    0.00164892    -0.0075076    0.00996118    0.00996118    0.0128588    0.0101403    0.00263563    0.000369109    0.0175757    0.0879205    0.0112017    0.00735431    0.0365621    0.0701168    0.0580194    0.0303364    0.0276936    0.0506743    0.213852    
